401
405
403
400
399
397
401
399
393
393
393
391
395
393
391
389
393
402
400
398
396
394
392
390
388
386
384
382
379
378
376
374
372
370
363
362
362
362
366
364
362
360
358
355
354
352
350
348
352
350
348
344
344
342
340
344
342
340
338
336
341
339
335
335
333
331
329
327
325
323
326
331
341
339
337
335
332
331
329
321
321
321
321
319
317
315
313
311
309
306
305
303
301
299
297
295
300
298
296
294
292
290
288
286
284
288
284
282
280
278
282
280
278
276
274
272
270
271
271
271
269
267
265
263
267
265
263
261
259
257
255
253
256
252
252
250
248
246
244
242
246
244
242
240
238
242
240
238
236
234
232
229
228
226
224
228
221
220
218
216
209
216
216
214
212
210
208
206
204
202
200
204
197
197
197
196
194
199
197
195
193
191
189
187
185
183
181
185
183
181
179
177
175
173
171
169
174
172
170
168
166
164
162
160
158
156
152
150
150
150
150
148
146
144
142
140
138
142
140
132
132
132
138
136
134
132
130
128
132
130
128
126
130
128
126
124
122
120
118
116
114
117
115
106
112
143
142
142
140
138
136
134
132
130
124
124
122
120
118
116
114
112
110
108
106
104
108
106
104
108
106
104
108
111
104
104
104
103
107
105
103
107
105
103
107
104
103
108
106
104
108
106
111
104
104
104
109
107
105
103
108
106
104
107
110
106
104
110
108
105
104
108
106
104
109
107
105
103
107
107
107
107
106
104
109
107
105
103
107
105
103
108
105
104
106
104
107
104
103
107
105
108
103
103
103
103
110
108
106
110
104
104
107
106
104
101
106
104
109
102
102
102
102
109
109
108
106
104
108
106
104
108
107
107
107
107
105
103
107
105
103
106
104
109
102
102
108
106
102
105
103
109
107
105
109
106
105
103
108
104
107
104
103
107
111
102
102
108
108
107
105
103
105
103
107
118
116
114
112
110
108
106
104
107
105
103
107
105
103
107
105
103
107
105
103
107
105
103
106
104
102
106
103
109
107
105
103
107
105
106
107
107
107
105
103
106
104
108
106
104
102
106
104
108
106
104
102
106
103
108
102
102
108
106
104
102
106
104
107
105
103
107
105
108
102
102
108
107
105
103
107
105
103
108
106
104
102
105
105
103
108
106
104
102
107
106
106
106
105
103
107
105
103
107
105
103
108
112
102
102
109
109
108
106
104
102
107
105
103
106
105
110
108
106
104
102
107
105
109
105
111
121
119
117
115
113
111
107
106
103
101
105
103
107
105
103
106
104
102
107
105
110
107
106
103
108
106
103
102
106
104
109
107
105
103
107
105
103
108
106
104
107
106
104
108
105
103
101
105
103
107
105
103
108
106
104
107
112
101
107
107
107
106
104
106
106
106
106
105
109
107
105
108
106
104
109
107
105
103
108
106
103
108
106
104
102
104
108
107
105
103
108
106
110
103
103
103
102
107
105
109
104
104
109
106
103
106
104
106
105
105
105
104
109
107
105
108
106
106
106
106
105
109
106
102
102
106
104
102
106
104
110
108
106
104
108
106
104
107
105
103
106
104
108
106
104
109
107
104
102
107
105
103
109
111
103
108
108
113
122
120
118
116
114
112
110
100
106
106
106
106
104
108
106
104
109
106
105
102
106
104
108
106
104
102
107
104
103
106
110
107
107
107
106
106
104
108
106
104
109
107
103
103
106
109
102
102
108
106
104
108
107
107
107
106
104
108
113
122
119
118
116
114
112
110
108
106
104
102
107
105
103
107
105
103
108
106
104
102
106
104
107
105
103
107
105
109
112
102
108
108
108
106
104
108
112
104
104
104
104
108
106
104
110
108
106
104
109
107
105
109
113
122
120
118
116
114
112
110
108
106
104
102
105
103
103
103
109
107
105
102
107
105
103
107
105
103
106
104
102
107
103
107
105
108
106
104
102
107
105
103
107
105
108
106
104
102
107
105
103
107
105
103
106
111
102
102
108
108
106
104
102
107
105
103
107
112
121
119
117
115
113
111
109
107
105
109
107
105
108
106
104
108
106
104
109
107
105
103
106
105
103
107
105
108
106
104
109
107
106
106
105
103
107
105
103
108
106
104
107
105
103
106
104
107
105
105
105
105
103
107
105
109
121
119
116
115
112
108
107
111
105
108
106
107
112
104
107
105
103
108
106
104
107
105
109
106
104
102
107
105
103
107
104
103
107
105
110
108
106
104
109
107
105
108
106
104
102
106
104
108
105
105
105
104
108
106
104
107
102
102
108
125
123
121
119
117
115
113
111
109
107
105
108
120
118
116
114
112
110
108
106
110
102
102
108
108
106
104
106
105
108
106
104
108
106
103
102
106
110
106
104
109
106
104
108
106
102
108
106
104
109
107
104
103
106
110
121
119
115
115
113
111
109
107
111
104
104
104
103
109
107
105
103
106
104
103
103
103
107
105
108
106
104
108
106
104
106
104
107
101
101
107
105
103
106
110
102
102
108
108
107
105
103
108
106
104
108
106
104
102
106
104
108
106
104
109
107
105
109
119
117
115
113
111
109
107
104
103
108
106
102
108
113
105
105
105
103
107
105
103
108
106
104
108
106
110
120
118
110
110
110
110
108
106
110
106
106
104
108
106
102
107
105
102
108
106
104
108
104
104
106
104
108
106
104
102
105
104
104
104
106
104
107
105
103
108
109
105
103
107
105
103
107
105
103
107
104
103
106
104
107
105
104
108
105
104
107
106
106
106
105
103
107
105
103
106
104
108
107
107
107
107
105
109
107
105
103
107
105
103
107
105
103
106
104
104
104
107
105
103
107
105
103
108
106
103
108
106
110
103
103
103
102
107
105
103
106
104
102
107
105
103
106
103
103
103
103
107
123
121
119
117
115
113
111
109
107
105
103
107
105
102
108
106
104
108
104
102
107
105
102
108
106
104
108
106
104
102
104
108
106
102
102
107
105
103
108
106
104
108
106
104
109
107
105
110
105
105
104
107
105
103
106
104
109
107
105
103
107
105
107
105
103
108
106
104
108
106
104
108
106
104
108
106
104
102
108
106
104
102
106
104
109
107
105
103
106
105
103
107
105
103
108
106
104
102
106
109
102
102
102
108
106
104
107
105
103
107
105
110
106
106
106
106
105
108
106
104
102
107
105
103
107
105
109
105
105
103
107
105
110
104
104
104
109
105
109
112
118
116
114
112
110
108
106
104
107
105
103
107
105
103
107
105
108
102
107
106
104
106
104
102
107
105
103
106
104
102
106
104
109
107
105
103
108
104
104
107
105
103
107
104
103
107
105
109
104
104
103
108
106
104
102
107
104
102
107
105
108
103
103
107
105
103
106
104
106
108
106
104
108
106
104
107
105
103
107
105
103
108
106
104
102
106
104
108
102
102
108
106
104
102
106
104
102
105
103
107
105
109
107
105
103
107
112
106
106
106
104
102
105
110
106
106
104
109
113
105
105
105
103
106
104
109
105
105
103
107
105
103
106
104
110
107
113
104
104
104
104
103
106
104
100
105
103
108
105
104
108
106
106
106
106
104
107
105
109
107
105
108
106
123
123
123
119
117
115
113
111
109
107
105
103
108
106
104
107
105
103
106
104
104
104
104
102
108
106
104
109
106
104
103
106
110
105
105
105
104
108
106
102
106
105
103
107
105
103
108
106
104
108
106
104
102
105
107
105
103
108
106
104
102
105
103
107
105
103
105
103
106
104
102
106
104
102
107
105
103
107
105
103
107
110
102
102
108
108
107
105
108
106
106
106
106
105
103
108
106
104
107
101
108
106
104
102
106
104
106
103
102
106
104
102
105
106
106
105
103
107
105
103
107
105
103
109
107
105
103
108
106
104
102
105
103
108
106
104
102
105
109
102
102
109
108
106
104
108
106
104
108
104
108
106
104
102
105
102
102
102
102
107
105
103
108
106
104
109
107
105
103
108
106
104
108
105
104
108
105
104
110
108
103
103
109
107
105
103
107
105
108
119
117
113
118
118
118
118
117
121
119
117
113
105
105
105
105
103
108
105
103
107
105
103
107
105
103
109
107
105
103
105
105
102
106
104
102
106
104
107
105
103
106
104
102
106
104
102
105
103
107
104
103
107
104
104
104
104
103
107
104
103
103
102
108
106
110
107
106
104
103
107
105
103
108
106
104
102
107
105
103
105
103
103
103
103
107
105
103
101
106
104
102
105
108
105
104
108
106
104
102
106
104
102
107
104
103
108
104
102
105
103
107
106
106
106
106
104
110
108
106
104
102
105
103
107
106
103
102
105
103
108
106
104
102
105
103
101
106
104
102
106
104
107
105
103
106
104
107
105
103
107
112
107
106
104
108
106
102
106
104
102
105
103
107
120
120
120
120
125
142
140
138
131
131
131
130
128
126
123
122
118
123
121
119
117
114
113
111
109
102
102
108
107
105
103
106
104
109
107
103
103
106
112
107
107
104
109
107
105
103
106
104
109
107
105
103
106
104
102
107
105
103
107
105
103
108
106
104
102
106
104
109
107
105
103
105
104
104
104
108
106
109
104
104
103
107
105
103
106
104
109
103
103
107
105
103
107
105
103
107
105
103
107
105
109
101
101
107
107
105
103
107
105
103
106
109
121
121
121
121
120
118
116
114
112
110
108
106
104
108
106
104
109
107
105
103
106
104
102
106
103
108
107
105
106
104
108
103
103
109
107
105
109
105
105
105
105
104
102
106
103
102
106
104
102
107
104
103
107
105
103
108
106
104
109
107
105
103
107
105
109
107
105
110
113
106
106
106
105
103
107
105
108
106
103
107
105
109
107
105
103
106
111
106
106
105
103
107
111
104
104
104
103
107
105
103
108
106
104
102
107
104
103
105
103
101
105
109
104
104
103
107
105
103
106
104
102
105
103
107
105
107
105
103
107
105
103
107
105
103
108
103
103
103
109
109
107
105
103
108
106
104
107
105
103
107
105
103
101
105
103
107
105
103
107
105
103
107
111
105
110
104
104
103
107
104
107
105
104
106
104
108
105
104
107
105
103
108
106
104
109
112
105
105
105
104
108
106
104
102
106
104
107
105
109
107
105
103
107
105
109
107
105
103
108
106
104
106
104
103
107
105
103
108
106
108
106
111
106
106
105
103
106
104
106
104
102
107
105
103
105
103
108
106
104
107
105
103
108
106
104
108
106
104
102
107
105
109
107
105
102
107
105
110
103
103
109
108
106
104
109
107
109
108
105
103
108
106
104
109
106
105
103
107
105
103
107
105
109
107
105
103
106
104
108
106
104
110
108
106
104
109
107
105
109
107
105
108
113
123
120
119
117
115
113
111
109
107
105
103
107
103
106
105
103
107
104
103
107
105
103
107
105
103
107
102
102
108
108
108
106
104
102
107
107
107
106
110
108
106
104
108
106
104
102
107
105
108
106
104
108
106
104
107
105
103
107
106
104
108
106
102
107
105
110
106
104
102
106
104
108
106
104
109
107
105
109
106
104
108
106
104
110
108
106
109
119
117
115
113
111
109
107
105
103
107
105
103
106
104
102
106
104
102
107
105
110
101
107
107
105
103
101
104
102
108
106
102
108
106
104
109
113
123
121
119
117
112
112
111
109
107
105
108
107
105
103
106
104
107
104
104
107
105
103
106
104
107
105
103
106
105
105
105
110
108
106
110
106
104
109
107
103
107
105
103
108
105
104
108
106
104
108
104
104
102
106
104
109
107
105
103
107
105
109
106
104
108
106
104
102
107
105
109
107
105
103
107
105
103
106
104
102
106
104
108
103
108
105
103
108
106
104
108
107
105
103
107
105
103
107
105
103
107
105
108
106
104
108
106
104
108
106
104
108
106
104
107
105
103
106
104
109
107
105
103
106
104
108
106
110
108
106
104
109
107
108
106
104
108
106
104
108
106
104
108
106
111
104
103
103
103
107
105
103
107
121
119
117
115
111
111
109
105
105
103
107
105
103
107
105
109
106
104
103
107
105
103
106
111
102
102
108
107
105
108
105
104
107
105
108
106
104
109
107
104
102
107
105
103
107
105
103
107
104
103
107
105
101
107
106
104
107
105
103
107
105
103
106
105
103
106
104
107
105
103
107
105
109
107
105
103
107
105
108
106
104
107
105
108
103
103
108
106
104
102
105
103
108
106
104
107
105
105
105
105
104
102
107
105
103
107
105
110
108
106
104
108
105
104
107
105
103
107
105
103
109
107
105
103
106
106
106
104
110
108
106
104
108
106
104
108
106
104
102
107
105
103
107
105
103
108
104
104
107
105
103
106
104
109
102
102
102
107
105
109
107
105
103
107
105
103
108
106
104
107
105
103
109
104
103
107
105
103
107
105
103
108
106
104
108
112
123
121
119
117
115
113
111
109
107
105
103
107
105
103
108
106
104
102
105
103
108
106
104
102
106
104
101
106
104
108
106
104
102
107
110
122
120
118
114
112
110
108
104
108
105
104
108
106
104
108
106
110
102
102
102
109
107
105
103
107
105
103
107
110
105
105
104
107
105
110
108
112
122
120
118
116
114
112
110
108
106
104
102
106
103
102
105
103
108
106
108
106
104
108
106
104
108
106
104
102
105
105
105
105
103
108
106
104
109
104
104
103
108
106
104
108
106
104
107
105
103
108
106
104
109
107
105
103
107
105
109
107
104
108
103
103
103
103
107
105
103
107
104
123
123
122
120
118
116
113
112
105
105
105
104
108
106
104
109
107
105
110
107
106
104
102
105
109
106
110
107
107
107
107
106
104
108
106
109
102
102
108
107
108
106
103
107
105
103
107
105
103
107
105
103
107
105
103
107
105
103
108
106
104
107
105
103
107
105
103
107
105
103
107
105
109
105
110
101
100
107
107
107
105
103
106
104
109
107
105
103
107
103
107
105
103
107
111
104
104
104
103
108
106
104
108
101
107
107
106
104
109
107
105
103
108
106
104
108
106
104
108
106
104
102
108
106
104
102
106
110
105
105
104
102
106
104
102
106
104
107
105
108
106
104
102
105
103
107
105
103
106
104
102
106
103
107
103
110
106
104
109
107
105
103
106
104
104
104
104
102
106
104
102
107
105
103
105
103
107
105
103
107
105
105
105
105
104
109
105
103
107
105
103
107
105
103
106
110
104
108
105
104
109
107
105
102
107
105
103
106
105
102
107
105
103
105
103
107
105
103
108
106
104
107
105
103
106
104
108
106
106
106
106
104
108
106
104
106
104
107
105
103
108
106
104
107
105
103
107
104
103
106
104
102
107
105
103
108
106
102
107
105
103
108
106
104
107
105
103
108
106
104
102
107
105
103
107
105
103
107
105
103
108
104
108
106
104
108
106
104
108
102
102
109
108
106
104
102
105
103
107
105
103
107
105
103
108
105
104
101
105
109
106
105
103
107
105
103
108
106
104
102
105
103
106
104
102
106
103
103
103
103
103
108
102
107
108
108
108
107
105
109
106
105
103
106
104
109
107
105
103
107
105
103
108
105
104
107
105
103
108
106
104
102
106
104
102
106
104
109
105
105
105
105
104
108
106
104
102
105
109
105
108
104
104
104
104
104
102
105
102
107
105
107
105
103
109
107
110
102
102
107
107
105
103
107
105
103
106
104
110
108
106
104
108
106
104
102
106
109
102
102
102
108
106
111
120
118
112
112
110
108
106
104
102
106
111
122
120
118
116
114
112
110
108
106
103
108
101
108
108
107
105
110
107
106
104
102
105
103
107
105
103
107
105
103
106
105
103
106
105
103
109
107
105
103
106
104
107
103
107
105
108
103
103
102
106
104
108
106
104
107
105
103
107
103
103
107
105
103
107
105
103
106
104
102
106
110
102
107
107
107
106
104
106
102
102
107
107
107
105
103
100
106
104
102
106
102
107
105
103
107
105
103
107
105
109
120
118
116
114
112
110
108
106
104
108
106
104
102
106
104
108
106
104
102
106
104
108
106
110
105
105
105
109
107
111
108
102
102
108
107
105
107
103
108
106
104
107
105
104
108
106
104
109
106
105
103
107
105
103
107
105
103
105
103
107
105
103
107
105
103
106
104
102
106
104
106
110
105
105
105
105
105
103
108
106
104
102
107
105
103
106
103
102
106
109
105
103
107
105
108
108
108
108
106
104
109
105
105
105
105
105
103
106
109
124
122
119
118
111
111
111
110
108
106
104
108
104
104
104
104
104
102
106
104
106
104
107
103
107
105
103
107
105
103
108
106
104
110
108
106
110
101
108
108
108
107
105
110
107
106
104
108
106
104
107
105
103
107
113
106
106
106
105
103
107
105
103
106
103
108
108
105
105
105
108
105
104
108
106
105
102
107
103
106
104
102
105
103
107
106
104
102
105
103
107
106
106
106
105
103
108
106
104
102
105
103
107
105
103
107
105
103
107
112
123
121
119
117
115
113
111
109
107
107
105
103
107
105
103
107
125
123
121
118
117
115
109
109
108
107
105
103
105
103
106
105
102
106
104
102
107
105
103
106
111
104
104
104
103
101
105
103
106
104
107
104
104
103
107
106
106
105
103
107
104
103
107
105
103
107
103
110
122
122
121
119
117
115
112
111
109
107
105
102
108
106
104
108
106
104
108
106
104
102
107
105
103
107
105
103
108
105
104
107
105
103
106
104
102
106
104
107
105
102
106
104
108
106
104
102
106
104
102
106
104
108
106
104
108
102
102
107
105
103
106
110
103
103
103
102
107
105
110
106
106
104
108
106
104
108
106
104
106
104
107
105
103
106
104
108
104
108
109
107
105
109
106
105
102
106
104
108
106
103
102
106
104
107
105
103
107
105
109
105
105
103
108
106
104
107
106
104
109
107
105
103
106
104
109
107
103
103
107
111
105
105
110
122
122
120
118
116
114
112
110
108
106
104
108
106
104
108
102
107
107
105
103
108
106
110
136
135
133
131
129
127
125
123
121
119
117
115
113
108
108
107
105
102
107
105
106
106
105
103
107
105
107
105
103
108
106
102
109
105
105
103
107
105
103
108
111
106
106
106
106
106
104
102
106
104
108
106
104
109
106
105
103
108
104
104
101
106
104
107
105
109
107
105
103
101
104
109
107
105
108
106
109
105
103
106
104
107
105
103
107
105
103
109
107
106
106
106
104
108
106
104
109
102
110
109
108
106
104
102
104
105
105
104
102
105
103
108
106
108
105
105
105
105
110
108
106
103
108
106
102
106
104
108
106
110
106
106
104
109
107
105
103
106
103
102
105
108
105
104
108
106
110
105
105
104
102
107
105
103
105
103
108
106
104
107
105
103
107
110
105
105
104
108
106
111
105
105
103
106
104
106
104
102
107
105
103
109
113
106
106
106
105
103
106
103
103
103
109
108
106
104
108
105
110
136
134
132
130
128
126
124
122
120
118
116
114
112
110
108
106
104
108
106
104
102
105
108
106
104
106
104
109
106
105
106
106
105
107
105
103
107
105
107
105
103
106
104
102
105
103
108
106
104
107
105
103
106
104
102
105
104
107
105
103
107
105
109
106
104
102
108
106
104
107
105
108
106
104
102
106
104
108
106
104
108
106
104
108
106
104
109
107
105
103
106
107
107
107
106
104
107
105
107
107
105
109
106
104
109
107
105
108
106
104
102
106
105
109
107
105
103
109
106
102
107
111
104
104
104
103
106
104
102
105
110
108
106
104
108
106
104
102
105
103
105
103
106
104
102
106
103
107
105
110
107
106
104
108
106
104
108
106
104
108
106
104
108
106
108
104
104
102
107
103
107
105
103
108
106
103
107
105
103
107
105
103
107
106
104
102
105
108
101
101
106
106
104
107
105
103
108
106
104
102
105
110
106
106
104
108
106
104
102
108
106
110
109
109
109
108
107
105
108
112
108
108
108
108
106
104
102
107
110
121
114
114
114
113
111
109
107
105
103
108
106
104
108
106
110
104
104
104
108
106
104
107
105
103
107
105
103
109
107
105
103
108
106
104
102
105
104
104
104
109
107
105
103
107
105
103
107
105
108
107
107
107
106
104
102
106
104
102
107
105
103
106
104
102
106
104
102
106
104
102
106
104
107
103
103
107
105
103
107
105
103
107
105
103
107
103
106
104
102
106
104
109
107
105
107
102
102
107
105
108
106
104
102
106
104
108
106
111
107
105
108
106
104
102
106
104
102
106
104
108
106
104
109
107
105
103
108
106
104
108
106
104
106
102
105
103
107
105
103
107
105
103
106
104
107
105
109
106
105
103
107
105
102
107
105
103
106
104
106
105
103
108
106
104
106
102
102
108
108
108
106
104
108
106
104
107
105
103
107
105
106
104
108
106
104
108
106
104
102
106
111
107
106
105
103
107
104
104
104
104
102
106
104
102
106
104
107
110
104
104
104
103
106
104
109
104
104
103
105
103
106
104
107
109
122
120
118
116
114
112
108
112
103
103
103
103
109
107
105
103
107
105
103
107
105
103
105
107
107
106
104
102
106
104
108
106
104
107
106
104
108
106
104
102
106
103
108
106
104
102
107
105
103
106
104
109
107
105
102
106
102
106
102
102
108
108
108
106
104
102
106
104
108
106
104
102
107
105
103
108
112
122
120
118
116
114
111
110
108
106
104
102
107
104
108
106
111
122
120
118
116
114
112
110
108
106
104
108
106
102
106
104
107
105
109
103
103
109
108
106
110
105
105
104
102
106
104
102
106
104
107
101
107
107
105
103
106
104
110
106
106
104
108
106
104
102
106
104
109
106
104
109
107
105
101
108
106
104
108
102
107
107
107
106
104
108
106
104
102
107
105
103
106
104
107
105
103
106
104
107
102
102
109
107
105
110
108
106
104
102
106
104
108
106
104
102
106
104
109
107
105
103
108
106
104
108
104
108
112
106
105
105
110
118
116
114
112
110
108
106
101
106
106
104
108
106
109
103
103
103
107
105
103
106
104
102
107
105
103
107
105
103
106
104
110
108
106
104
107
105
110
104
104
104
108
106
106
104
101
106
104
102
107
105
103
108
105
104
108
118
116
114
112
110
108
106
104
102
105
104
107
105
103
107
105
103
107
105
103
107
106
104
107
105
103
106
103
108
106
104
102
106
109
104
109
102
106
111
104
104
104
103
105
103
108
106
104
102
107
102
102
107
105
103
108
106
104
102
106
104
108
106
104
101
106
104
107
105
103
106
105
110
122
121
119
117
113
113
110
108
107
111
107
104
103
107
105
103
107
105
103
107
104
109
107
105
103
106
104
102
106
104
102
108
105
104
107
105
103
106
104
102
106
104
108
106
105
102
106
109
105
105
105
105
104
102
105
106
106
106
108
106
104
108
107
105
103
107
110
104
104
104
105
110
120
118
116
114
112
110
108
106
104
102
105
101
107
105
103
107
105
103
108
105
104
102
104
107
107
105
109
104
104
103
106
111
120
118
114
112
110
108
112
107
107
106
104
108
123
121
119
117
106
106
106
106
106
105
103
106
104
102
106
104
109
107
105
103
107
105
103
107
105
103
105
104
106
104
104
104
104
108
106
104
108
106
108
106
104
102
106
104
108
107
107
107
106
104
108
106
104
102
106
104
102
107
105
108
107
105
103
107
107
107
107
105
103
107
105
103
107
105
103
106
104
102
104
109
102
102
102
107
105
103
108
104
108
106
104
108
106
104
102
107
105
101
108
111
103
103
108
108
107
105
103
108
106
104
102
106
105
103
106
104
107
105
103
106
104
108
106
103
107
105
103
107
105
103
107
105
103
107
105
103
107
103
108
106
104
108
106
104
108
106
104
108
106
104
108
106
104
107
105
103
107
105
103
106
104
102
107
105
103
107
104
109
103
103
103
106
104
102
106
104
107
105
103
108
106
104
109
107
105
109
103
107
105
103
107
105
108
106
106
106
106
104
108
106
104
108
106
104
102
105
109
101
107
107
107
105
103
108
106
104
109
107
105
103
107
105
103
107
105
103
101
105
103
108
105
104
101
106
102
105
103
107
105
103
107
105
103
108
106
104
102
105
103
107
105
103
108
111
103
108
108
108
112
122
120
118
116
114
112
110
106
103
102
107
105
110
107
105
104
107
105
109
107
105
107
105
103
108
113
104
104
104
110
109
107
105
103
106
104
108
106
104
107
105
103
101
106
104
109
107
105
103
106
109
109
108
106
104
108
106
104
107
111
104
104
104
109
107
105
103
107
105
109
105
103
106
105
103
106
104
106
104
102
105
103
108
106
104
108
106
104
101
105
110
108
105
104
108
106
110
124
122
120
118
116
114
112
108
108
106
104
102
106
104
108
106
107
107
105
103
107
110
106
104
111
109
107
105
109
107
105
109
107
111
106
106
105
103
107
105
103
108
110
101
107
107
107
106
104
102
106
104
109
106
105
103
107
105
103
101
105
103
107
105
103
106
104
102
107
105
106
104
106
103
108
106
104
109
107
105
109
105
105
102
107
105
103
109
107
105
103
107
105
103
108
105
103
108
106
104
106
104
103
107
105
109
107
105
103
101
105
103
101
105
109
107
105
103
106
112
105
105
104
108
106
104
107
106
104
101
107
104
103
107
105
107
107
105
104
108
106
104
108
106
103
108
106
110
103
103
110
109
107
105
103
101
106
104
108
105
104
108
106
104
107
105
103
108
111
107
107
107
107
105
103
106
104
102
106
104
107
105
103
107
105
103
108
106
104
102
105
103
107
105
103
107
105
103
108
106
104
108
105
110
102
102
108
108
106
104
102
106
104
108
106
104
108
102
102
109
109
108
106
104
101
106
104
108
106
104
102
107
102
107
107
105
110
108
106
104
102
105
103
107
105
103
107
105
108
107
105
103
105
104
102
106
104
110
108
106
104
109
107
103
101
108
106
104
107
109
107
103
103
108
106
104
102
108
106
104
109
107
105
108
106
105
110
108
106
104
107
105
109
107
105
103
107
105
103
107
105
109
107
110
104
104
104
102
106
104
107
105
103
108
106
111
113
104
104
104
104
103
106
104
109
107
105
103
107
105
103
106
104
102
106
103
108
106
104
109
106
106
106
106
111
107
105
103
108
106
104
106
105
103
108
106
104
108
106
104
107
109
120
118
116
114
112
110
108
106
104
102
107
105
109
107
105
103
107
105
103
109
107
105
109
107
105
103
108
112
106
106
106
104
102
106
104
109
107
105
109
107
105
109
103
103
103
108
106
104
109
105
103
108
113
107
107
107
105
109
107
105
103
107
105
103
106
102
108
106
104
108
106
104
108
106
104
102
107
105
103
106
104
108
106
104
108
106
104
108
112
104
104
104
104
108
106
110
112
112
104
104
104
104
107
105
102
107
105
103
107
105
103
107
105
109
107
102
107
106
104
102
107
105
103
106
104
107
105
103
107
105
110
108
106
104
108
119
117
115
113
111
106
106
105
109
105
103
107
121
119
117
115
113
111
107
105
105
105
105
109
107
105
103
106
104
108
106
104
108
106
104
109
107
104
102
106
104
107
105
103
107
104
103
107
105
103
108
104
104
102
106
104
107
107
107
105
103
107
105
103
108
106
104
110
108
106
104
109
107
105
102
107
106
106
106
105
103
107
104
102
107
104
103
106
105
109
107
105
103
106
104
102
106
104
102
105
103
107
105
103
107
105
109
105
103
107
105
103
106
104
107
110
109
123
123
122
120
118
116
114
112
110
108
106
104
108
106
104
108
106
104
102
106
104
108
106
104
108
106
104
108
106
104
109
107
105
103
107
105
109
105
111
105
105
105
103
107
105
103
107
105
103
106
104
102
106
105
103
107
105
103
108
106
108
108
106
104
107
106
103
107
105
103
107
105
103
107
107
107
107
106
104
109
124
122
120
118
116
114
112
108
106
104
102
107
104
104
104
104
104
102
105
103
107
103
103
107
105
103
107
105
108
106
106
106
106
106
104
108
106
103
108
106
111
104
104
104
103
108
106
104
108
106
104
102
107
105
108
106
102
106
104
108
106
104
102
106
104
102
105
101
101
107
107
107
105
103
106
102
108
105
104
102
108
106
104
102
106
104
108
106
102
105
103
106
104
102
105
103
108
106
104
108
102
102
108
104
102
106
104
108
107
104
102
107
105
103
108
106
104
102
107
103
103
107
106
104
107
105
103
108
106
104
108
106
104
108
106
104
108
106
106
106
106
104
108
106
104
107
105
103
105
104
106
104
108
107
107
106
104
108
106
104
108
104
104
109
122
121
119
117
115
113
111
109
105
105
106
104
110
108
105
103
107
104
104
108
110
121
119
117
115
111
111
109
107
105
103
107
105
103
107
104
108
107
111
107
111
121
118
116
115
113
111
109
107
105
109
113
124
122
120
118
116
114
112
110
108
106
104
102
105
103
107
105
103
106
111
104
104
104
103
106
104
108
106
104
102
106
104
102
107
111
101
106
106
106
104
102
105
101
101
107
107
107
105
103
106
111
105
105
105
104
102
105
103
107
104
104
109
107
105
103
107
111
101
107
107
107
107
105
110
109
102
102
109
107
105
103
108
103
107
105
103
107
104
104
104
103
103
101
104
108
104
102
105
102
108
106
104
108
106
103
109
107
105
103
107
105
109
106
105
109
106
105
108
106
101
105
105
110
108
105
104
102
106
104
109
105
103
108
106
104
102
108
106
104
102
104
109
107
105
103
108
105
105
105
105
104
102
106
104
108
106
104
108
106
104
108
105
102
102
107
105
103
107
111
105
105
105
103
107
105
102
105
106
105
103
107
105
103
107
105
103
106
104
102
108
105
104
107
105
110
120
118
116
114
112
110
108
106
104
108
106
104
102
105
103
107
105
103
107
105
110
104
104
103
102
106
104
102
106
104
102
106
103
103
103
107
105
103
106
105
103
106
104
108
106
102
106
104
102
106
104
102
106
103
107
105
103
108
106
103
108
105
104
102
107
105
103
106
105
108
106
104
102
106
104
102
106
104
102
106
104
107
105
103
108
106
104
107
104
103
107
104
102
107
105
103
106
110
105
105
104
107
105
103
108
106
104
109
102
102
102
106
104
102
107
105
103
107
105
103
108
106
104
108
106
104
102
107
105
109
105
103
106
104
102
105
103
107
105
103
108
105
101
106
105
103
107
105
103
106
104
108
106
104
108
105
104
102
106
109
118
116
114
112
110
108
106
104
102
107
105
109
102
102
107
107
105
103
107
103
108
106
104
102
107
105
107
107
105
103
106
104
108
106
104
102
107
105
109
104
104
103
107
105
103
107
108
108
108
106
104
108
106
104
108
106
104
102
106
104
106
101
101
107
106
110
106
104
107
105
103
108
106
104
102
105
103
107
105
103
105
103
108
106
104
108
106
103
107
105
103
107
105
103
106
110
103
103
103
102
107
105
103
108
106
104
107
105
103
107
105
103
107
105
109
105
103
108
106
106
106
106
105
103
107
105
109
106
105
103
107
105
103
106
104
107
112
107
107
107
107
107
106
104
102
106
104
107
104
103
108
106
104
108
106
104
105
103
107
105
103
106
104
109
106
106
106
105
103
108
106
104
108
106
104
108
106
103
107
123
121
119
117
115
113
111
109
114
106
106
106
106
104
109
107
105
103
106
104
102
106
104
102
107
105
103
107
103
103
103
103
107
105
103
107
105
103
108
106
104
102
106
103
102
106
104
108
106
104
102
105
103
107
110
103
103
103
109
107
105
103
107
105
103
107
105
103
107
105
103
101
105
103
106
104
108
106
104
101
106
104
105
108
106
110
105
104
104
108
106
104
102
107
105
103
107
105
103
108
103
103
103
103
110
108
106
104
108
106
104
101
106
104
108
106
110
104
104
104
102
107
111
105
105
105
107
105
103
101
107
110
106
104
107
106
104
108
106
104
102
107
106
109
103
103
103
108
106
104
102
106
111
108
107
105
109
104
104
103
107
105
103
107
105
108
105
104
107
105
103
107
105
103
107
105
103
107
105
107
104
108
106
104
102
107
105
109
104
104
103
107
105
103
108
106
104
107
105
103
108
106
103
107
105
103
106
104
102
107
105
103
108
106
104
102
106
104
108
104
108
401
405
403
400
399
397
401
399
393
393
393
391
395
393
391
389
393
402
400
398
396
394
392
390
388
386
384
382
379
378
376
374
372
370
363
362
362
362
366
364
362
360
358
355
354
352
350
348
352
350
348
344
344
342
340
344
342
340
338
336
341
339
335
335
333
331
329
327
325
323
326
331
341
339
337
335
332
331
329
321
321
321
321
319
317
315
313
311
309
306
305
303
301
299
297
295
300
298
296
294
292
290
288
286
284
288
284
282
280
278
282
280
278
276
274
272
270
271
271
271
269
267
265
263
267
265
263
261
259
257
255
253
256
252
252
250
248
246
244
242
246
244
242
240
238
242
240
238
236
234
232
229
228
226
224
228
221
220
218
216
209
216
216
214
212
210
208
206
204
202
200
204
197
197
197
196
194
199
197
195
193
191
189
187
185
183
181
185
183
181
179
177
175
173
171
169
174
172
170
168
166
164
162
160
158
156
152
150
150
150
150
148
146
144
142
140
138
142
140
132
132
132
138
136
134
132
130
128
132
130
128
126
130
128
126
124
122
120
118
116
114
117
115
106
112
143
142
142
140
138
136
134
132
130
124
124
122
120
118
116
114
112
110
108
106
104
108
106
104
108
106
104
108
111
104
104
104
103
107
105
103
107
105
103
107
104
103
108
106
104
108
106
111
104
104
104
109
107
105
103
108
106
104
107
110
106
104
110
108
105
104
108
106
104
109
107
105
103
107
107
107
107
106
104
109
107
105
103
107
105
103
108
105
104
106
104
107
104
103
107
105
108
103
103
103
103
110
108
106
110
104
104
107
106
104
101
106
104
109
102
102
102
102
109
109
108
106
104
108
106
104
108
107
107
107
107
105
103
107
105
103
106
104
109
102
102
108
106
102
105
103
109
107
105
109
106
105
103
108
104
107
104
103
107
111
102
102
108
108
107
105
103
105
103
107
118
116
114
112
110
108
106
104
107
105
103
107
105
103
107
105
103
107
105
103
107
105
103
106
104
102
106
103
109
107
105
103
107
105
106
107
107
107
105
103
106
104
